# ENCRYPTING CLIENT
940 013 FFF 000 048 098 002 001 003 128 020 088
020 218 217 142 101 237 160 167 122 001 000 01E 
138 156 046 095 153 097 206 124 DC0 000 000 000 
115 001 129 048 009 006 005 043 111 011 C10 21D
014 003 002 026 005 000 048 011 004 006 023 053
006 007 042 134 072 206 056 004 023 081 046 023
001 005 000 004 047 048 045 002 ??? ??1 ?01 111
020 073 139 219 144 188 090 236 ?11 ?01 ?10 101
193 251 044 103 226 027 123 198 ?01 ?11 ?11 011
144 043 034 233 009 002 021 000 ?10 ?01 ?10 110
151 051 210 000 048 226 221 023  Тd┤ ╝рм >А6 Ъс
243 029 072 039 244 178 235 089 d┤с рмJ А6% Тd┤
219 096 173 004 004 223 FFF E01 р Jщ щd┤ ╝рм 
# ROClient Shield V2.5